! NORDIC TEST SYSTEM - OPERATING POINT B
!
! Dynamic data only: machines, exciters, governors, load models,
! shunts and controllers. The network is in lf_B.dat, which also
! carries the solved voltages and every transformer ratio, so a run
! loads that file and this one together. Helios reads the same pair.

FNOM 50. ;
SHUNT SH1022 1022  50. 1 ;
SHUNT SH1041 1041 250. 1 ;
SHUNT SH1042 1042   0. 1 ;
SHUNT SH1043 1043 200. 1 ;
SHUNT SH1044 1044 200. 1 ;
SHUNT SH1045 1045 200. 1 ;
SHUNT SH4012 4012 -100. 1 ;
SHUNT SH4041 4041 200. 1 ;
SHUNT SH4043 4043 200. 1 ;
SHUNT SH4046 4046 100. 1 ;
SHUNT SH4051 4051 100. 1 ;
SHUNT SH4071 4071 -400. 1 ;

# SYNC_MACH       FP FQ  P     Q      SNOM  Pnom H  D  IBRATIO
                 # XT/RL  Xl   Xd   X'd    X"d   Xq    X'q  X"q  m     n    Ra    T'do T"do T'qo T"qo"'
            # EXC GENERIC1   IFLIM    d   f   S   K1    K2   L1    L2   G   TA  TB  TE   L3  L4
                           # SPEEDIN  KPSS  Tw      T1    T2     T3    T4   DVMIN  DVMAX
            # TOR CONSTANT ;
         # or TOR HYDRO_GENERIC1 SIGMA   TP   Qv   KP    KI   TSM  LIMZDOT TW  ;

SYNC_MACH g1  g1  1. 1.  0.  0.   800. 760. 3. 0. 0.95
                    XT   0.15  1.1  0.25   0.2   0.7   *   0.2  0.1  6.0257  0.  5.00  0.05  *  0.1
	          EXC GENERIC1   1.8991 -0.1  0.  1.  100. -1. -11  10.  70.  10.  20. 0.1  0.  4.
                                1     75.    15.    0.2    0.01     0.2    0.01       -0.1     0.1
              TOR HYDRO_GENERIC1  0.04  2.0  0.  2.00  0.40  0.2    0.1   1.0 ;
SYNC_MACH g2  g2  1. 1.  0.  0.   600. 570. 3. 0. 0.95
                    XT   0.15  1.1  0.25   0.2   0.7   *   0.2  0.1  6.0257  0.  5.00  0.05  *  0.1
              EXC GENERIC1   1.8991 -0.1  0.  1.  100. -1. -11  10.  70.  10.  20. 0.1  0.  4.
                                1     75.   15.    0.2    0.01     0.2    0.01    -0.1    0.1
              TOR HYDRO_GENERIC1  0.04  2.0  0.  2.00  0.40  0.2    0.1   1.0 ;
SYNC_MACH g3  g3  1. 1.  0.  0.   700. 665. 3. 0. 0.95
                    XT   0.15  1.1  0.25   0.2   0.7   *   0.2  0.1  6.0257  0.  5.00  0.05  *  0.1
              EXC GENERIC1   1.8991 -0.1  0.  1.  100. -1. -11  10.  70.  10.  20. 0.1  0.  4.
                                1     75.   15.    0.2    0.01     0.2    0.01    -0.1    0.1
              TOR HYDRO_GENERIC1  0.04  2.0  0.  2.00  0.40  0.2    0.1   1.0 ;
SYNC_MACH g4  g4  1. 1.  0.  0.   600. 570. 3. 0. 0.95
                    XT   0.15  1.1  0.25   0.2   0.7   *   0.2  0.1  6.0257  0.  5.00  0.05  *  0.1
              EXC GENERIC1   1.8991 -0.1  0.  1.  100. -1. -11  10.  70.  10.  20. 0.1  0.  4.
                                1    150.   15.    0.2    0.01     0.2    0.01    -0.1    0.1
              TOR HYDRO_GENERIC1  0.04  2.0  0.  2.00  0.40  0.2    0.1   1.0 ;
SYNC_MACH g5  g5  1. 1.  0.  0.   250. 237.5 3. 0. 0.95
                    XT   0.15  1.1  0.25   0.2   0.7   *   0.2  0.1  6.0257  0.  5.00  0.05  *  0.1
              EXC GENERIC1   1.8991 -0.1  0.  1.  100. -1. -11.  10.  70.  10.  20. 0.1  0.  4.
                                1     75.   15.    0.2    0.01     0.2    0.01    -0.1    0.1
              TOR HYDRO_GENERIC1  0.04  2.0  0.  2.00  0.40  0.2    0.1   1.0 ;
SYNC_MACH g6  g6  1. 1.  0.  0.   400. 360. 6. 0. 2.05 
                    XT   0.15  2.2  0.3    0.2   2.   0.4  0.2  0.1  6.0257  0.  7.00  0.05  1.5  0.05
              EXC GENERIC1   3.0618 -0.1  1.  0.  100. -1. -20.0  10.  120. 5.  12.5 0.1  0.  5.
                                1     75.   15.    0.22    0.012     0.22    0.012    -0.1    0.1
              TOR CONSTANT ;
SYNC_MACH g7  g7  1. 1.  0.  0.   200. 180. 6. 0. 2.05
                    XT   0.15  2.2  0.3    0.2   2.   0.4  0.2  0.1  6.0257  0.  7.00  0.05  1.5  0.05
              EXC GENERIC1   3.0618 -0.1  1.  0.  100. -1. -20.0  10.  120. 5.  12.5 0.1  0.  5.
                                1     75.   15.    0.22    0.012     0.22    0.012    -0.1    0.1
              TOR CONSTANT ;
SYNC_MACH g8  g8  1. 1.  0.  0.   850. 807.5 3. 0. 0.95
                    XT   0.15  1.1  0.25   0.2   0.7   *   0.2  0.1  6.0257  0.  5.00  0.05  *  0.1
              EXC GENERIC1   1.8991 -0.1  0.  1.  100. -1. -11  10.  70.  10.  20. 0.1  0.  4.
                                1     75.   15.    0.2    0.01     0.2    0.01    -0.1    0.1
              TOR HYDRO_GENERIC1  0.04  2.0  0.  2.00  0.40  0.2    0.1   1.0 ;
SYNC_MACH g9  g9  1. 1.  0.  0.  1000. 950.  3. 0. 0.95
                    XT   0.15  1.1  0.25   0.2   0.7   *   0.2  0.1  6.0257  0.  5.00  0.05  *  0.1
              EXC GENERIC1   1.8991 -0.1  0.  1.  100. -1. -11  10.  70.  10.  20. 0.1  0.  4.
                                1     75.   15.    0.2    0.01     0.2    0.01    -0.1    0.1
              TOR HYDRO_GENERIC1  0.04  2.0  0.  2.00  0.40  0.2    0.1   1.0 ;
SYNC_MACH g10 g10 1. 1.  0.  0.   800. 760.  3. 0. 0.95
                    XT   0.15  1.1  0.25   0.2   0.7   *   0.2  0.1  6.0257  0.  5.00  0.05  *  0.1
              EXC GENERIC1   1.8991 -0.1  0.  1.  100. -1. -11  10.  70.  10.  20. 0.1  0.  4.
                                1     75.   15.    0.2    0.01     0.2    0.01    -0.1    0.1
              TOR HYDRO_GENERIC1  0.04  2.0  0.  2.00  0.40  0.2    0.1   1.0 ;
SYNC_MACH g11 g11 1. 1.  0.  0.   300. 285.  3. 0. 0.95
                    XT   0.15  1.1  0.25   0.2   0.7   *   0.2  0.1  6.0257  0.  5.00  0.05  *  0.1
              EXC GENERIC1   1.8991 -0.1  1.  0.  100. -1. -20  10.  70.  10.  20. 0.1  0.  4.
                                1     75.   15.    0.2    0.01     0.2    0.01    -0.1    0.1
              TOR HYDRO_GENERIC1  0.04  2.0  0.  2.00  0.40  0.2    0.1   1.0 ;
SYNC_MACH g12 g12 1. 1.  0.  0.   350. 332.5 3. 0. 0.95
                    XT   0.15  1.1  0.25   0.2   0.7   *   0.2  0.1  6.0257  0.  5.00  0.05  *  0.1
              EXC GENERIC1   1.8991 -0.1  1.  0.  100. -1. -20  10.  70.  10.  20. 0.1  0.  4.
                                1     75.   15.    0.2    0.01     0.2    0.01    -0.1    0.1
              TOR HYDRO_GENERIC1  0.04  2.0  0.  2.00  0.40  0.2    0.1   1.0 ;			  
SYNC_MACH g13 g13 1. 1.  0.  0.   300. 0.    2. 0. 1.40
                    XT   0.15  1.55  0.3   0.2   1.0   *   0.2  0.1  6.0257  0.  7.00  0.05  *  0.1
              EXC GENERIC1   2.9579 -0.1  0.  1.  100. -1. -17  10.  50.  4.  20. 0.1  0.  4.
                                1     0.    5.    1.    1.     1.    1.       0.     0.
              TOR CONSTANT ;
SYNC_MACH g14 g14 1. 1.  0.  0.   700. 630.  6. 0. 2.05
                    XT   0.15  2.2   0.3   0.2   2.   0.4  0.2  0.1  6.0257  0.  7.00  0.05  1.5  0.05
              EXC GENERIC1   3.0618 -0.1  0.  1.  100. -1. -18  10.  120. 5.  12.5 0.1  0.  5.
                                1     75.   15.    0.22    0.012     0.22    0.012    -0.1    0.1
              TOR CONSTANT ;
SYNC_MACH g15 g15 1. 1.  0.  0.   600. 540. 6. 0. 2.05													
                    XT   0.15  2.2   0.3   0.2   2.   0.4  0.2  0.1  6.0257  0.  7.00  0.05  1.5  0.05
              EXC GENERIC1   3.0618 -0.1  0.  1.  100. -1. -18  10.  120. 5.  12.5 0.1  0.  5.
                                1     75.   15.    0.22    0.012     0.22    0.012    -0.1    0.1
              TOR CONSTANT ;
SYNC_MACH g15b g15b 1. 1.  0.  0.  600. 540. 6. 0. 2.05
                    XT   0.15  2.2   0.3   0.2   2.   0.4  0.2  0.1  6.0257  0.  7.00  0.05  1.5  0.05
              EXC GENERIC1   3.0618 -0.1  0.  1.  100. -1. -18  10.  120. 5.  12.5 0.1  0.  5.
                                1     75.   15.    0.22    0.012     0.22    0.012    -0.1    0.1
			  TOR CONSTANT ;
SYNC_MACH g16 g16 1. 1.  0.  0.   700. 630.  6. 0. 2.05
                    XT   0.15  2.2   0.3   0.2   2.   0.4  0.2  0.1  6.0257  0.  7.00  0.05  1.5  0.05
              EXC GENERIC1   3.0618 -0.1  0.  1.  100. -1. -18  10.  120. 5.  12.5 0.1  0.  5.
                                1     75.   15.    0.22    0.012     0.22    0.012    -0.1    0.1								
              TOR CONSTANT ; 		  
SYNC_MACH g16b g16b 1. 1.  0.  0.  700. 630.  6. 0. 2.05
                    XT   0.15  2.2   0.3   0.2   2.   0.4  0.2  0.1  6.0257  0.  7.00  0.05  1.5  0.05 
              EXC GENERIC1   3.0618 -0.1  0.  1.  100. -1. -18  10.  120. 5.  12.5 0.1  0.  5.
                                1     75.   15.    0.22    0.012     0.22    0.012    -0.1    0.1								
              TOR CONSTANT ; 
SYNC_MACH g17 g17 1. 1.  0.  0.   600. 540.  6. 0. 2.05
                    XT   0.15  2.2   0.3   0.2   2.   0.4  0.2  0.1  6.0257  0.  7.00  0.05  1.5  0.05
              EXC GENERIC1   3.0618 -0.1  0.  1.  100. -1. -18  10.  120. 5.  12.5 0.1  0.  5.
                                1     150.   15.    0.22    0.012     0.22    0.012    -0.1    0.1		
              TOR CONSTANT ;
SYNC_MACH g18 g18 1. 1.  0.  0.   600. 540. 6. 0. 2.05													
                    XT   0.15  2.2   0.3   0.2   2.   0.4  0.2  0.1  6.0257  0.  7.00  0.05  1.5  0.05
              EXC GENERIC1   3.0618 -0.1  0.  1.  100. -1. -18  10.  120. 5.  12.5 0.1  0.  5.
                                1     150.   15.    0.22    0.012     0.22    0.012    -0.1    0.1		
              TOR CONSTANT ;
SYNC_MACH g18b g18b 1. 1.  0.  0.  600. 540. 6. 0. 2.05
                    XT   0.15  2.2   0.3   0.2   2.   0.4  0.2  0.1  6.0257  0.  7.00  0.05  1.5  0.05
              EXC GENERIC1   3.0618 -0.1  0.  1.  100. -1. -18  10.  120. 5.  12.5 0.1  0.  5.
                                1     150.   15.    0.22    0.012     0.22    0.012    -0.1    0.1
              TOR CONSTANT ;
SYNC_MACH g19 g19 1. 1.  0.  0.   500. 475.  3. 0. 0.95
                    XT   0.15  1.1   0.25  0.2   0.7   *   0.2  0.1  6.0257  0.  5.00  0.05  *  0.1
	          EXC GENERIC1   1.8991 -0.1  0.  1.  100. -1. -11  10.  70.  10.  20. 0.1  0.  4.
                                1     0.    5.    1.    1.     1.    1.       0.     0.
              TOR HYDRO_GENERIC1  0.08  2.0  0.  2.00  0.40  0.2    0.1   1.0 ;
SYNC_MACH g20 g20 1. 1.  0.  0.  4500. 4275. 3. 0. 0.95
                    XT   0.15  1.1   0.25  0.2   0.7   *  0.2   0.1  6.0257  0.  5.00  0.05  *  0.1
              EXC GENERIC1   1.8991 -0.1  0.  1.  100. -1. -11  10.  70.  10.  20. 0.1  0.  4.
                                1     0.    5.    1.    1.     1.    1.       0.     0.
              TOR HYDRO_GENERIC1  0.08  2.0  0.  2.00  0.40  0.2    0.1   1.0 ;

#LOAD inj_name bus_name FP FQ P Q  DP A1 alpha1 A2 alpha2 alpha3 DQ B1 beta1 B2 beta2 beta3 ;

LOAD L_11 11 1. 1. 0. 0.   0. 1. 1.0 0. 0. 0. 0. 1. 2.0 0. 0. 0. ;
LOAD L_12 12 1. 1. 0. 0.   0. 1. 1.0 0. 0. 0. 0. 1. 2.0 0. 0. 0. ;
LOAD L_13 13 1. 1. 0. 0.   0. 1. 1.0 0. 0. 0. 0. 1. 2.0 0. 0. 0. ;
LOAD L_22 22 1. 1. 0. 0.   0. 1. 1.0 0. 0. 0. 0. 1. 2.0 0. 0. 0. ;
LOAD L_01  1 1. 1. 0. 0.   0. 1. 1.0 0. 0. 0. 0. 1. 2.0 0. 0. 0. ;
LOAD L_02  2 1. 1. 0. 0.   0. 1. 1.0 0. 0. 0. 0. 1. 2.0 0. 0. 0. ;
LOAD L_03  3 1. 1. 0. 0.   0. 1. 1.0 0. 0. 0. 0. 1. 2.0 0. 0. 0. ;
LOAD L_04  4 1. 1. 0. 0.   0. 1. 1.0 0. 0. 0. 0. 1. 2.0 0. 0. 0. ;
LOAD L_05  5 1. 1. 0. 0.   0. 1. 1.0 0. 0. 0. 0. 1. 2.0 0. 0. 0. ;
LOAD L_31 31 1. 1. 0. 0.   0. 1. 1.0 0. 0. 0. 0. 1. 2.0 0. 0. 0. ;
LOAD L_32 32 1. 1. 0. 0.   0. 1. 1.0 0. 0. 0. 0. 1. 2.0 0. 0. 0. ;
LOAD L_41 41 1. 1. 0. 0.   0. 1. 1.0 0. 0. 0. 0. 1. 2.0 0. 0. 0. ;
LOAD L_42 42 1. 1. 0. 0.   0. 1. 1.0 0. 0. 0. 0. 1. 2.0 0. 0. 0. ;
LOAD L_43 43 1. 1. 0. 0.   0. 1. 1.0 0. 0. 0. 0. 1. 2.0 0. 0. 0. ;
LOAD L_46 46 1. 1. 0. 0.   0. 1. 1.0 0. 0. 0. 0. 1. 2.0 0. 0. 0. ;
LOAD L_47 47 1. 1. 0. 0.   0. 1. 1.0 0. 0. 0. 0. 1. 2.0 0. 0. 0. ;
LOAD L_51 51 1. 1. 0. 0.   0. 1. 1.0 0. 0. 0. 0. 1. 2.0 0. 0. 0. ;
LOAD L_61 61 1. 1. 0. 0.   0. 1. 1.0 0. 0. 0. 0. 1. 2.0 0. 0. 0. ;
LOAD L_62 62 1. 1. 0. 0.   0. 1. 1.0 0. 0. 0. 0. 1. 2.0 0. 0. 0. ;
LOAD L_63 63 1. 1. 0. 0.   0. 1. 1.0 0. 0. 0. 0. 1. 2.0 0. 0. 0. ;
LOAD L_71 71 1. 1. 0. 0.   0. 1. 1.0 0. 0. 0. 0. 1. 2.0 0. 0. 0. ;
LOAD L_72 72 1. 1. 0. 0.   0. 1. 1.0 0. 0. 0. 0. 1. 2.0 0. 0. 0. ;

# DCTL LTC2 CTL_NAME TRFO_NAME BUS_NAME  DIR  NMIN  NMAX  NBPOS  TOL  VSETPOINT DELAY1  DELAY2

DCTL LTC2 11-1011 11-1011 11  -1 88. 120. 33 0.01  1.0 30  8 ;
DCTL LTC2 12-1012 12-1012 12  -1 88. 120. 33 0.01  1.0 30  9 ;
DCTL LTC2 13-1013 13-1013 13  -1 88. 120. 33 0.01  1.0 30 10 ;
DCTL LTC2 22-1022 22-1022 22  -1 88. 120. 33 0.01  1.0 30 11 ;
DCTL LTC2  1-1041  1-1041  1  -1 88. 120. 33 0.01  1.0 29 12 ;
DCTL LTC2  2-1042  2-1042  2  -1 88. 120. 33 0.01  1.0 29  8 ;
DCTL LTC2  3-1043  3-1043  3  -1 88. 120. 33 0.01  1.0 29  9 ;
DCTL LTC2  4-1044  4-1044  4  -1 88. 120. 33 0.01  1.0 29 10 ;
DCTL LTC2  5-1045  5-1045  5  -1 88. 120. 33 0.01  1.0 29 11 ;
DCTL LTC2 31-2031 31-2031 31  -1 88. 120. 33 0.01  1.0 29 12 ;
DCTL LTC2 32-2032 32-2032 32  -1 88. 120. 33 0.01  1.0 31  8 ;
DCTL LTC2 41-4041 41-4041 41  -1 88. 120. 33 0.01  1.0 31  9 ;
DCTL LTC2 42-4042 42-4042 42  -1 88. 120. 33 0.01  1.0 31 10 ;
DCTL LTC2 43-4043 43-4043 43  -1 88. 120. 33 0.01  1.0 31 11 ;
DCTL LTC2 46-4046 46-4046 46  -1 88. 120. 33 0.01  1.0 31 12 ;
DCTL LTC2 47-4047 47-4047 47  -1 88. 120. 33 0.01  1.0 30  8 ;
DCTL LTC2 51-4051 51-4051 51  -1 88. 120. 33 0.01  1.0 30  9 ;
DCTL LTC2 61-4061 61-4061 61  -1 88. 120. 33 0.01  1.0 30 10 ;
DCTL LTC2 62-4062 62-4062 62  -1 88. 120. 33 0.01  1.0 30 11 ;
DCTL LTC2 63-4063 63-4063 63  -1 88. 120. 33 0.01  1.0 30 12 ;
DCTL LTC2 71-4071 71-4071 71  -1 88. 120. 33 0.01  1.0 31  9 ;
DCTL LTC2 72-4072 72-4072 72  -1 88. 120. 33 0.01  1.0 31 11 ;
