# records dumped
BUS g1 15.0 0. 0. 0. 0. ;
BUS g2 15.0 0. 0. 0. 0. ;
BUS g3 15.0 0. 0. 0. 0. ;
BUS g4 15.0 0. 0. 0. 0. ;
BUS g5 15.0 0. 0. 0. 0. ;
BUS g6 15.0 0. 0. 0. 0. ;
BUS g7 15.0 0. 0. 0. 0. ;
BUS g8 15.0 0. 0. 0. 0. ;
BUS g9 15.0 0. 0. 0. 0. ;
BUS g10 15.0 0. 0. 0. 0. ;
BUS g11 15.0 0. 0. 0. 0. ;
BUS g12 15.0 0. 0. 0. 0. ;
BUS g13 15.0 0. 0. 0. 0. ;
BUS g14 15.0 0. 0. 0. 0. ;
BUS g15 15.0 0. 0. 0. 0. ;
BUS g15b 15.0 0. 0. 0. 0. ;
BUS g16 15.0 0. 0. 0. 0. ;
BUS g16b 15.0 0. 0. 0. 0. ;
BUS g17 15.0 0. 0. 0. 0. ;
BUS g18 15.0 0. 0. 0. 0. ;
BUS g18b 15.0 0. 0. 0. 0. ;
BUS g19 15.0 0. 0. 0. 0. ;
BUS g20 15.0 0. 0. 0. 0. ;
BUS 1011 130.0 0. 0. 0. 0. ;
BUS 1012 130.0 0. 0. 0. 0. ;
BUS 1013 130.0 0. 0. 0. 0. ;
BUS 1014 130.0 0. 0. 0. 0. ;
BUS 1021 130.0 0. 0. 0. 0. ;
BUS 1022 130.0 0. 0. 50.00000 0. ;
BUS 1041 130.0 0. 0. 250.0000 0. ;
BUS 1042 130.0 0. 0. 0. 0. ;
BUS 1043 130.0 0. 0. 200.0000 0. ;
BUS 1044 130.0 0. 0. 200.0000 0. ;
BUS 1045 130.0 0. 0. 200.0000 0. ;
BUS 2031 220.0 0. 0. 0. 0. ;
BUS 2032 220.0 0. 0. 0. 0. ;
BUS 4011 400.0 0. 0. 0. 0. ;
BUS 4012 400.0 0. 0. -100.0000 0. ;
BUS 4021 400.0 0. 0. 0. 0. ;
BUS 4022 400.0 0. 0. 0. 0. ;
BUS 4031 400.0 0. 0. 0. 0. ;
BUS 4032 400.0 0. 0. 0. 0. ;
BUS 4041 400.0 0. 0. 200.0000 0. ;
BUS 4042 400.0 0. 0. 0. 0. ;
BUS 4043 400.0 0. 0. 200.0000 0. ;
BUS 4044 400.0 0. 0. 0. 0. ;
BUS 4045 400.0 0. 0. 0. 0. ;
BUS 4046 400.0 0. 0. 100.0000 0. ;
BUS 4047 400.0 0. 0. 0. 0. ;
BUS 4051 400.0 0. 0. 100.0000 0. ;
BUS 4061 400.0 0. 0. 0. 0. ;
BUS 4062 400.0 0. 0. 0. 0. ;
BUS 4063 400.0 0. 0. 0. 0. ;
BUS 4071 400.0 0. 0. -400.0000 0. ;
BUS 4072 400.0 0. 0. 0. 0. ;
BUS 1 20. 648.4653 160.1709 0. 0. ;
BUS 2 20. 356.6559 76.73505 0. 0. ;
BUS 3 20. 281.0016 90.56899 0. 0. ;
BUS 4 20. 907.8512 272.3554 0. 0. ;
BUS 5 20. 778.1583 205.7796 0. 0. ;
BUS 11 20. 200.0000 68.80000 0. 0. ;
BUS 12 20. 300.0000 83.80000 0. 0. ;
BUS 13 20. 100.0000 34.40000 0. 0. ;
BUS 22 20. 280.0000 79.90000 0. 0. ;
BUS 31 20. 100.0000 24.70000 0. 0. ;
BUS 32 20. 200.0000 39.60000 0. 0. ;
BUS 41 20. 583.6187 142.0139 0. 0. ;
BUS 42 20. 432.3102 137.6908 0. 0. ;
BUS 43 20. 972.6979 275.1654 0. 0. ;
BUS 46 20. 756.5428 228.9082 0. 0. ;
BUS 47 20. 108.0776 47.55412 0. 0. ;
BUS 51 20. 864.6204 279.0562 0. 0. ;
BUS 61 20. 500.0000 122.5000 0. 0. ;
BUS 62 20. 300.0000 83.80000 0. 0. ;
BUS 63 20. 590.0000 264.6000 0. 0. ;
BUS 71 20. 300.0000 83.80000 0. 0. ;
BUS 72 20. 2000.000 396.1000 0. 0. ;
GENER g1 g1 g1 600.0000 40.67734 1.068400 800.0 -99999. 320.6126 1 ;
GENER g2 g2 g2 300.0000 9.182794 1.056500 600.0 -99999. 290.3845 1 ;
GENER g3 g3 g3 550.0000 14.33601 1.059500 700.0 -99999. 260.5219 1 ;
GENER g4 g4 g4 400.0000 21.57667 1.033900 600.0 -99999. 268.8083 1 ;
GENER g5 g5 g5 200.0000 43.52334 1.029400 250.0 -99999. 157.4382 1 ;
GENER g6 g6 g6 360.0000 148.7942 1.008400 400.0 -99999. 187.5052 1 ;
GENER g7 g7 g7 180.0000 73.86903 1.014100 200.0 -99999. 132.5540 1 ;
GENER g8 g8 g8 750.0000 217.0498 1.049800 850.0 -99999. 291.7766 1 ;
GENER g9 g9 g9 668.5000 165.2973 0.9988000 1000.0 -99999. 470.4573 1 ;
GENER g10 g10 g10 600.0000 232.5335 1.015700 800.0 -99999. 347.2110 1 ;
GENER g11 g11 g11 250.0000 39.53918 1.021100 300.0 -99999. 116.6638 1 ;
GENER g12 g12 g12 310.0000 75.11717 1.020000 350.0 -99999. 170.4402 1 ;
GENER g13 g13 g13 0. 33.98635 1.017000 300.0 -99999. 299.6789 1 ;
GENER g14 g14 g14 630.0000 284.0585 1.045400 700.0 -99999. 367.5824 1 ;
GENER g15 g15 g15 540.0000 196.8884 1.045500 600.0 -99999. 586.5377 1 ;
GENER g15b g15b g15b 540.0000 196.8884 1.045500 600.0 -99999. 586.5377 1 ;
GENER g16 g16 g16 600.0000 162.3151 1.053100 700.0 -99999. 371.7766 1 ;
GENER g16b g16b g16b 600.0000 162.3151 1.053100 700.0 -99999. 371.7766 1 ;
GENER g17 g17 g17 530.0000 41.56723 1.009200 600.0 -99999. 276.4489 1 ;
GENER g18 g18 g18 530.0000 143.0785 1.030700 600.0 -99999. 573.0605 1 ;
GENER g18b g18b g18b 530.0000 143.0785 1.030700 600.0 -99999. 573.0605 1 ;
GENER g19 g19 g19 300.0000 115.1757 1.030000 500.0 -99999. 249.0537 1 ;
GENER g20 g20 g20 1997.945 359.9323 1.018500 4500.0 -99999. 2483.911 1 ;
SLACK g20 ;
LINE 1011-1013 1011 1013 1.6900 11.830 40.841 350.00 1 ;
LINE 1011-1013-2 1011 1013 1.6900 11.830 40.841 350.00 1 ;
LINE 1012-1014 1012 1014 2.3700 15.210 53.407 350.00 1 ;
LINE 1012-1014-2 1012 1014 2.3700 15.210 53.407 350.00 1 ;
LINE 1013-1014 1013 1014 1.1800 8.4500 29.845 350.00 1 ;
LINE 1013-1014-2 1013 1014 1.1800 8.4500 29.845 350.00 1 ;
LINE 1021-1022 1021 1022 5.0700 33.800 89.535 350.00 1 ;
LINE 1021-1022-2 1021 1022 5.0700 33.800 89.535 350.00 1 ;
LINE 1041-1043 1041 1043 1.6900 10.140 36.128 350.00 1 ;
LINE 1041-1043-2 1041 1043 1.6900 10.140 36.128 350.00 1 ;
LINE 1041-1045 1041 1045 2.5300 20.280 73.827 350.00 1 ;
LINE 1041-1045-2 1041 1045 2.5300 20.280 73.827 350.00 1 ;
LINE 1042-1044 1042 1044 6.4200 47.320 177.50 350.00 1 ;
LINE 1042-1044-2 1042 1044 6.4200 47.320 177.50 350.00 1 ;
LINE 1042-1045 1042 1045 8.4500 50.700 177.50 350.00 1 ;
LINE 1043-1044 1043 1044 1.6900 13.520 47.124 350.00 1 ;
LINE 1043-1044-2 1043 1044 1.6900 13.520 47.124 350.00 1 ;
LINE 2031-2032 2031 2032 5.8100 43.560 15.708 500.00 1 ;
LINE 2031-2032-2 2031 2032 5.8100 43.560 15.708 500.00 1 ;
LINE 4011-4012 4011 4012 1.6000 12.800 62.832 1400.0 1 ;
LINE 4011-4021 4011 4021 9.6000 96.000 562.34 1400.0 1 ;
LINE 4011-4022 4011 4022 6.4000 64.000 375.42 1400.0 1 ;
LINE 4011-4071 4011 4071 8.0000 72.000 438.25 1400.0 1 ;
LINE 4012-4022 4012 4022 6.4000 56.000 328.30 1400.0 1 ;
LINE 4012-4071 4012 4071 8.0000 80.000 468.10 1400.0 1 ;
LINE 4021-4032 4021 4032 6.4000 64.000 375.42 1400.0 1 ;
LINE 4021-4042 4021 4042 16.000 96.00 937.77 1400.0 1 ;
LINE 4022-4031 4022 4031 6.4000 64.000 375.42 1400.0 1 ;
LINE 4022-4031-2 4022 4031 6.4000 64.000 375.42 1400.0 1 ;
LINE 4031-4032 4031 4032 1.6000 16.000 94.248 1400.0 1 ;
LINE 4031-4041 4031 4041 9.6000 64.00 749.27 1400.0 1 ;
LINE 4031-4041-2 4031 4041 9.6000 64.00 749.27 1400.0 1 ;
LINE 4032-4042 4032 4042 16.000 64.00 625.18 1400.0 1 ;
LINE 4032-4044 4032 4044 9.6000 80.00 749.27 1400.0 1 ;
LINE 4041-4044 4041 4044 4.8000 48.000 281.17 1400.0 1 ;
LINE 4041-4061 4041 4061 9.6000 72.000 406.84 1400.0 1 ;
LINE 4042-4043 4042 4043 3.2000 24.000 155.51 1400.0 1 ;
LINE 4042-4044 4042 4044 3.2000 32.000 186.93 1400.0 1 ;
LINE 4043-4044 4043 4044 1.6000 16.000 94.248 1400.0 1 ;
LINE 4043-4046 4043 4046 1.6000 16.000 94.248 1400.0 1 ;
LINE 4043-4047 4043 4047 3.2000 32.000 186.93 1400.0 1 ;
LINE 4044-4045 4044 4045 3.2000 32.000 186.93 1400.0 1 ;
LINE 4044-4045-2 4044 4045 3.2000 32.000 186.93 1400.0 1 ;
LINE 4045-4051 4045 4051 6.4000 64.000 375.42 1400.0 1 ;
LINE 4045-4051-2 4045 4051 6.4000 64.000 375.42 1400.0 1 ;
LINE 4045-4062 4045 4062 17.600 128.00 749.27 1400.0 1 ;
LINE 4046-4047 4046 4047 1.6000 24.000 155.51 1400.0 1 ;
LINE 4061-4062 4061 4062 3.2000 32.000 186.93 1400.0 1 ;
LINE 4062-4063 4062 4063 4.8000 48.000 281.17 1400.0 1 ;
LINE 4062-4063-2 4062 4063 4.8000 48.000 281.17 1400.0 1 ;
LINE 4071-4072 4071 4072 4.8000 48.000 937.77 1400.0 1 ;
LINE 4071-4072-2 4071 4072 4.8000 48.000 937.77 1400.0 1 ;
TRFO g1 g1 1012 ' ' 0.0 15.0 0. 100.0000 800.0 0. 0. 0 0. 0 1 ;
TRFO g2 g2 1013 ' ' 0.0 15.0 0. 100.0000 600.0 0. 0. 0 0. 0 1 ;
TRFO g3 g3 1014 ' ' 0.0 15.0 0. 100.0000 700.0 0. 0. 0 0. 0 1 ;
TRFO g4 g4 1021 ' ' 0.0 15.0 0. 100.0000 600.0 0. 0. 0 0. 0 1 ;
TRFO g5 g5 1022 ' ' 0.0 15.0 0. 105.0000 250.0 0. 0. 0 0. 0 1 ;
TRFO g6 g6 1042 ' ' 0.0 15.0 0. 105.0000 400.0 0. 0. 0 0. 0 1 ;
TRFO g7 g7 1043 ' ' 0.0 15.0 0. 105.0000 200.0 0. 0. 0 0. 0 1 ;
TRFO g8 g8 2032 ' ' 0.0 15.0 0. 105.0000 850.0 0. 0. 0 0. 0 1 ;
TRFO g9 g9 4011 ' ' 0.0 15.0 0. 105.0000 1000.0 0. 0. 0 0. 0 1 ;
TRFO g10 g10 4012 ' ' 0.0 15.0 0. 105.0000 800.0 0. 0. 0 0. 0 1 ;
TRFO g11 g11 4021 ' ' 0.0 15.0 0. 105.0000 300.0 0. 0. 0 0. 0 1 ;
TRFO g12 g12 4031 ' ' 0.0 15.0 0. 105.0000 350.0 0. 0. 0 0. 0 1 ;
TRFO g13 g13 4041 ' ' 0.0 10.0 0. 105.0000 300.0 0. 0. 0 0. 0 1 ;
TRFO g14 g14 4042 ' ' 0.0 15.0 0. 105.0000 700.0 0. 0. 0 0. 0 1 ;
TRFO g15 g15 4047 ' ' 0.0 15.0 0. 105.0000 600.0 0. 0. 0 0. 0 1 ;
TRFO g15b g15b 4047 ' ' 0.0 15.0 0. 105.0000 600.0 0. 0. 0 0. 0 1 ;
TRFO g16 g16 4051 ' ' 0.0 15.0 0. 105.0000 700.0 0. 0. 0 0. 0 1 ;
TRFO g16b g16b 4051 ' ' 0.0 15.0 0. 105.0000 700.0 0. 0. 0 0. 0 1 ;
TRFO g17 g17 4062 ' ' 0.0 15.0 0. 105.0000 600.0 0. 0. 0 0. 0 1 ;
TRFO g18 g18 4063 ' ' 0.0 15.0 0. 105.0000 600.0 0. 0. 0 0. 0 1 ;
TRFO g18b g18b 4063 ' ' 0.0 15.0 0. 105.0000 600.0 0. 0. 0 0. 0 1 ;
TRFO g19 g19 4071 ' ' 0.0 15.0 0. 105.0000 500.0 0. 0. 0 0. 0 1 ;
TRFO g20 g20 4072 ' ' 0.0 15.0 0. 105.0000 4500.0 0. 0. 0 0. 0 1 ;
TRFO 1011-4011 1011 4011 ' ' 0.0000 10.000 0. 95.00000 1250.0 0. 0. 0 0. 0 1 ;
TRFO 1012-4012 1012 4012 ' ' 0.0000 10.000 0. 95.00000 1250.0 0. 0. 0 0. 0 1 ;
TRFO 1022-4022 1022 4022 ' ' 0.0000 10.000 0. 93.00000 833.30 0. 0. 0 0. 0 1 ;
TRFO 2031-4031 2031 4031 ' ' 0.0000 10.000 0. 100.0000 833.30 0. 0. 0 0. 0 1 ;
TRFO 1044-4044 1044 4044 1044 0. 10.0 0. 103.0000 1000.0 87. 111. 25 0.01 1.0106 1 ;
TRFO 1044-4044-2 1044 4044 1044 0. 10.0 0. 103.0000 1000.0 87. 111. 25 0.01 1.0106 1 ;
TRFO 1045-4045 1045 4045 1045 0. 10.0 0. 104.0000 1000.0 87. 111. 25 0.01 1.0146 1 ;
TRFO 1045-4045-2 1045 4045 1045 0. 10.0 0. 104.0000 1000.0 87. 111. 25 0.01 1.0146 1 ;
TRFO 11-1011 11 1011 11 0. 10. 0. 105.0000 400. 88. 120. 33 0.01 1. 1 ;
TRFO 12-1012 12 1012 12 0. 10. 0. 106.0000 600. 88. 120. 33 0.01 1. 1 ;
TRFO 13-1013 13 1013 13 0. 10. 0. 104.0000 200. 88. 120. 33 0.01 1. 1 ;
TRFO 22-1022 22 1022 22 0. 10. 0. 105.0000 560. 88. 120. 33 0.01 1. 1 ;
TRFO 1-1041 1 1041 1 0. 10. 0. 98.00000 1200. 88. 120. 33 0.01 1. 1 ;
TRFO 2-1042 2 1042 2 0. 10. 0. 99.00000 600. 88. 120. 33 0.01 1. 1 ;
TRFO 3-1043 3 1043 3 0. 10. 0. 99.00000 460. 88. 120. 33 0.01 1. 1 ;
TRFO 4-1044 4 1044 4 0. 10. 0. 98.00000 1600. 88. 120. 33 0.01 1. 1 ;
TRFO 5-1045 5 1045 5 0. 10. 0. 99.00000 1400. 88. 120. 33 0.01 1. 1 ;
TRFO 31-2031 31 2031 31 0. 10. 0. 103.0000 200. 88. 120. 33 0.01 1. 1 ;
TRFO 32-2032 32 2032 32 0. 10. 0. 106.0000 400. 88. 120. 33 0.01 1. 1 ;
TRFO 41-4041 41 4041 41 0. 10. 0. 105.0000 1080. 88. 120. 33 0.01 1. 1 ;
TRFO 42-4042 42 4042 42 0. 10. 0. 103.0000 800. 88. 120. 33 0.01 1. 1 ;
TRFO 43-4043 43 4043 43 0. 10. 0. 102.0000 1800. 88. 120. 33 0.01 1. 1 ;
TRFO 46-4046 46 4046 46 0. 10. 0. 102.0000 1400. 88. 120. 33 0.01 1. 1 ;
TRFO 47-4047 47 4047 47 0. 10. 0. 103.0000 200. 88. 120. 33 0.01 1. 1 ;
TRFO 51-4051 51 4051 51 0. 10. 0. 106.0000 1600. 88. 120. 33 0.01 1. 1 ;
TRFO 61-4061 61 4061 61 0. 10. 0. 103.0000 1000. 88. 120. 33 0.01 1. 1 ;
TRFO 62-4062 62 4062 62 0. 10. 0. 105.0000 600. 88. 120. 33 0.01 1. 1 ;
TRFO 63-4063 63 4063 63 0. 10. 0. 103.0000 1180. 88. 120. 33 0.01 1. 1 ;
TRFO 71-4071 71 4071 71 0. 10. 0. 103.0000 600. 88. 120. 33 0.01 1. 1 ;
TRFO 72-4072 72 4072 72 0. 10. 0. 105.0000 4000. 88. 120. 33 0.01 1. 1 ;
LFRESV g1 1.068400 9.8028421E-02 ;
LFRESV g2 1.056500 0.1428671 ;
LFRESV g3 1.059500 0.2325522 ;
LFRESV g4 1.033900 0.2097455 ;
LFRESV g5 1.029400 -0.1436749 ;
LFRESV g6 1.008400 -0.9313912 ;
LFRESV g7 1.014100 -1.088125 ;
LFRESV g8 1.049800 -0.1991029 ;
LFRESV g9 0.9988000 2.5748672E-02 ;
LFRESV g10 1.015700 7.0174776E-02 ;
LFRESV g11 1.021100 -0.4162393 ;
LFRESV g12 1.020000 -0.4604891 ;
LFRESV g13 1.017000 -0.8378743 ;
LFRESV g14 1.045400 -0.7597659 ;
LFRESV g15 1.045500 -0.8016438 ;
LFRESV g15b 1.045500 -0.8016438 ;
LFRESV g16 1.053100 -0.8672696 ;
LFRESV g16b 1.053100 -0.8672696 ;
LFRESV g17 1.009200 -0.6862953 ;
LFRESV g18 1.030700 -0.6246288 ;
LFRESV g18b 1.030700 -0.6246288 ;
LFRESV g19 1.030000 2.3741139E-02 ;
LFRESV g20 1.018500 0. ;
LFRESV 1011 1.067034 -6.1515663E-02 ;
LFRESV 1012 1.066472 -8.6723693E-04 ;
LFRESV 1013 1.056714 7.5637393E-02 ;
LFRESV 1014 1.062440 0.1276590 ;
LFRESV 1021 1.033220 0.1159968 ;
LFRESV 1022 1.061315 -0.2592620 ;
LFRESV 1041 0.9967705 -1.313879 ;
LFRESV 1042 1.010545 -1.070946 ;
LFRESV 1043 1.017093 -1.225992 ;
LFRESV 1044 1.005101 -1.061980 ;
LFRESV 1045 1.010436 -1.098660 ;
LFRESV 2031 1.036638 -0.5435042 ;
LFRESV 2032 1.072183 -0.3228847 ;
LFRESV 4011 1.028093 -7.6966591E-02 ;
LFRESV 4012 1.028012 -4.3198019E-02 ;
LFRESV 4021 1.059651 -0.5378408 ;
LFRESV 4022 1.006270 -0.2903558 ;
LFRESV 4031 1.046832 -0.5915099 ;
LFRESV 4032 1.058336 -0.6753425 ;
LFRESV 4041 1.056154 -0.8378743 ;
LFRESV 4042 1.045364 -0.8898423 ;
LFRESV 4043 1.035392 -0.9966027 ;
LFRESV 4044 1.040855 -0.9967028 ;
LFRESV 4045 1.055554 -1.043560 ;
LFRESV 4046 1.032097 -1.011400 ;
LFRESV 4047 1.057072 -0.9302590 ;
LFRESV 4051 1.078720 -0.9863892 ;
LFRESV 4061 1.041968 -0.8856484 ;
LFRESV 4062 1.057869 -0.8169825 ;
LFRESV 4063 1.054471 -0.7529894 ;
LFRESV 4071 1.050291 -6.3724756E-02 ;
LFRESV 4072 1.059283 -6.4860880E-02 ;
LFRESV 1 1.002368 -1.366908 ;
LFRESV 2 1.006333 -1.128846 ;
LFRESV 3 1.005999 -1.285131 ;
LFRESV 4 1.007164 -1.116938 ;
LFRESV 5 1.004509 -1.152900 ;
LFRESV 11 0.9977472 -0.1108486 ;
LFRESV 12 0.9907421 -5.1049240E-02 ;
LFRESV 13 0.9975930 2.6289485E-02 ;
LFRESV 22 0.9951901 -0.3089885 ;
LFRESV 31 0.9927431 -0.5935681 ;
LFRESV 32 1.000362 -0.3723189 ;
LFRESV 41 0.9911143 -0.8921065 ;
LFRESV 42 0.9961883 -0.9433161 ;
LFRESV 43 0.9983335 -1.049952 ;
LFRESV 46 0.9939480 -1.065157 ;
LFRESV 47 1.001112 -0.9828796 ;
LFRESV 51 0.9987580 -1.039581 ;
LFRESV 61 0.9981046 -0.9351882 ;
LFRESV 62 0.9921558 -0.8670238 ;
LFRESV 63 1.000115 -0.8018429 ;
LFRESV 71 1.004582 -0.1125545 ;
LFRESV 72 0.9976701 -0.1145589 ;
BUSPART CENTRAL 1 600.000 148.2 ;
BUSPART CENTRAL 2 330.000 71.0 ;
BUSPART CENTRAL 3 260.000 83.8 ;
BUSPART CENTRAL 4 840.000 252.0 ;
BUSPART CENTRAL 5 720.000 190.4 ;
BUSPART CENTRAL 41 540.000 131.4 ;
BUSPART CENTRAL 42 400.000 127.4 ;
BUSPART CENTRAL 43 900.000 254.6 ;
BUSPART CENTRAL 46 700.000 211.8 ;
BUSPART CENTRAL 47 100.000 44.0 ;
BUSPART CENTRAL 51 800.000 258.2 ;
